00111111001001110110100010011100
01001111000101110001100101111111
10111101110011100110000001011100
01010101010110101011110001011001
10010101011001101011110111111100
11010110101001011010010100111000
10011110111001000011010000101111
01010101101111000111101011100010
11100010100010110011110110001001
00001000001011100000100001101001
10011011001111011111000011111101
00011000110101001100100101100001
00010010001101010001101100011111
00100101010011010101000010000100
10111000011101100010010110100110
01011001101100000001100111010000
