11110000110000001111100110100110
10111110000000110100110010010000
10100001011000000000001100011110
01011110101000011111100000110010
10111011000000101011110001001110
10101010110000011011110011001011
10001001110011011101000110010100
11001101100110101010110111011101
11110100100010111011101111010100
01011011100000001100001000001100
01101001100011101111001111110101
01010000010100111000111001101001
11011111010000101111010001110001
10111011011111111011000101110011
11110001111110101110101001101000
00100001111011101010100100000110
